// Start of printArray
[ 4 -999 42 42 42 42 42 2 5 134 2 2 ]{5:INCSP 1}
[ 4 -999 42 42 42 42 42 2 5 134 2 2 540024883 ]{7:GETBP}
[ 4 -999 42 42 42 42 42 2 5 134 2 2 540024883 11 ]{8:CSTI 1}
[ 4 -999 42 42 42 42 42 2 5 134 2 2 540024883 11 1 ]{10:ADD}
[ 4 -999 42 42 42 42 42 2 5 134 2 2 540024883 12 ]{11:CSTI 0}
[ 4 -999 42 42 42 42 42 2 5 134 2 2 540024883 12 0 ]{13:STI}
[ 4 -999 42 42 42 42 42 2 5 134 2 2 0 0 ]{14:INCSP -1}
---------------------------------------------------------------

// Begin while loop in printArray (line after comment)
[ 4 -999 42 42 42 42 42 2 5 | 134  2   2  0 ]{16:GOTO 50} bp = 11  sp = 12
                               ^   ^   ^  ^
                              ret rbp arg i
                            |  stack frame  |
---------------------------------------------------------------
// Load i and check if i<5
[ 4 -999 42 42 42 42 42 2 5 134 2 2 0 ]{50:GETBP}
[ 4 -999 42 42 42 42 42 2 5 134 2 2 0 11 ]{51:CSTI 1}
[ 4 -999 42 42 42 42 42 2 5 134 2 2 0 11 1 ]{53:ADD}
[ 4 -999 42 42 42 42 42 2 5 134 2 2 0 12 ]{54:LDI}
[ 4 -999 42 42 42 42 42 2 5 134 2 2 0 0 ]{55:CSTI 5}
[ 4 -999 42 42 42 42 42 2 5 134 2 2 0 0 5 ]{57:LT}
[ 4 -999 42 42 42 42 42 2 5 134 2 2 0 1 ]{58:IFNZRO 18}